77319867
81518321
73535249
73847046
75272816
74650623
77546164
75452202
75734115
70745213
73758736
72061484
73896435
76821518
72927515
72679135
74962460
74041646
78556208
83054128
77093373
79091709
81485057
76111435
74637073
75712116
74015585
73620024
74674168
75827964
75963357
74592732
75508876
78962907
73436042
74576898
76055298
76929065
78154419
74168028
76279208
73858849
78441813
77233557
72164893
72771308
72514769
77151704
75073994
72100150
74583929
75049511
75264374
73404585
78239259
79871873
74311605
79140941
77598294
73566928
72785156
77913278
74037676
75872474
72604669
77672969
80014608
71221484
74214235
77721795
77282225
75262684
73660002
74867024
69676852
75653291
80319444
78888380
81461660
76287786
76439410
78244004
78344633
77682983
77358000
76888970
78163264
75597016
76466840
74227377
75751937
80161722
77178894
77523857
72131932
77494976
78463245
77638480
70359722
