591402111
596223304
594943053
595463126
622682108
618534351
575776195
585634442
602254073
604126605
605902031
592942776
587185874
605274336
598666053
593984416
578508530
600124572
605860007
570280501
569343033
584324962
599521468
590606535
595465090
587962211
572087892
577758423
607259700
615147064
573003233
601420070
602838127
592808586
588003545
571278882
607001511
588011168
576872432
629766774
597443211
600790784
616640630
601415165
593232407
586609632
563183802
574662750
617238597
569772220
571826288
579579492
590685007
563471980
565139333
591874961
600142233
592650781
573156355
597544649
578079080
571093228
636273839
595576578
650377529
592877653
595811306
579541445
589038786
591776549
596699536
570118847
590360714
606958248
575609267
577859854
588618045
610135119
579920342
606574860
572604206
587767968
596148355
590976148
598149473
569264676
598332916
588447431
584291240
581719916
578933096
580610231
587226158
597859295
582002871
584487599
595514522
567674462
599613486
