11168295
10950831
10492395
10237261
10251848
10617510
10527195
10059879
10837486
10806181
10183467
21867599
10866390
10880674
10374823
10348579
11046346
10917844
10768186
10248515
9723938
10828028
10828982
9846928
11352779
11692297
10852086
10668813
10692992
11239510
10514334
10602787
10361113
10572584
11161651
10921789
10567891
10079717
10767940
10334433
10417774
10411784
11367715
10758937
10276466
10831853
10012259
10462598
11119670
11069081
10875599
10686071
11055087
11390001
10172293
11124045
10893499
10604676
11377176
10997783
10637752
12132161
11054080
10236880
10144690
10702021
10998269
10596066
10414266
10391092
11476523
10697377
11336611
11594682
10384997
10391640
10563153
10605433
10062027
10380094
11733595
10807894
10106533
10814905
9940573
10174766
10380736
10489172
11224116
10133094
10786434
11021311
11097275
10447700
10599060
11060501
9677954
11514474
11232942
