290510294
274909782
270995094
281550196
294018701
281687232
273731923
283847051
274945991
283707091
287544033
275844081
277839769
266927731
277073639
290497180
283563314
278753966
288530071
279170879
279289311
278415814
277421423
276054697
266826688
286930213
274874340
274094355
290600687
274114377
280758939
288029636
279325074
274101977
284793330
275069677
274959490
285792398
288356392
285384420
291172921
278534875
275329821
285173862
293791061
282301653
267349850
263482375
271683709
281672140
281430083
281949665
280466373
298549576
277438862
289521717
304605270
283476617
291093456
275141470
276423607
277297797
272429557
297331653
284885840
276880431
274153394
281233871
277615280
273093319
273185710
283593417
287619977
292832349
290624155
296895703
278937516
281266299
284128505
273113524
287101363
270692040
270084381
280438066
269382258
290101126
293385581
280691331
270357734
275217241
281524392
288412794
285850742
281644732
289500100
276099066
286872308
290843216
266867622
