1785598
1603165
1729957
1840446
1734676
1503040
1721332
1916334
1649901
1415086
2208747
1578608
1920398
1714218
1848848
1558053
1809418
1611964
1762827
1658536
1812549
1715765
1554200
1674926
1738578
1652507
1570962
1858917
1875537
1790912
1589105
1623871
1764649
1571477
1649676
1829549
1803821
1819836
1910674
1732237
1668390
1636689
1633945
1903113
1846597
1732987
1786797
1760595
1509913
1896563
1868640
1795219
1607823
1810203
1474443
1659179
1803119
1742877
1547900
1344731
1569269
1692139
1612783
1827151
1674779
1699455
1492191
1701248
1710275
1540786
1580594
1772040
1763814
1805038
1715304
2329338
1537980
1659297
1789341
1900579
1595031
1797332
1867431
1729000
1796358
1699695
1728700
1840905
1838690
1818194
1714704
1838728
1785242
1818177
1708073
1964560
1801625
1311728
1391911
