85293678
87103084
82362493
87824334
91431881
91932705
84636459
90762205
83482760
81692518
88347818
88626097
81126728
83551734
89928856
82086424
84230835
91760032
89028721
92152002
82619507
88628981
86102354
85754595
83679236
82374913
95485282
88809352
87317167
92030065
87930555
91488391
91674474
85451094
84280031
84499560
90377127
94508606
91830899
84579629
86653587
85248167
91023314
88764965
89018227
86291421
90086697
82624857
90342254
90758529
93885284
86657897
90502573
89939338
89041292
91229568
90047689
88587917
89463976
86566397
85273524
85174099
84264967
98887219
88183039
91044103
92839483
86303550
89787366
81882900
83848705
82649466
87464383
85351159
89525940
94080446
92242814
87120771
88607542
88564028
91052352
91408380
87511022
84997788
90985049
96275163
93818487
87455936
89415141
92303566
88970509
83900483
87829595
88562974
87644731
87773569
87891822
86675786
86767833
