742812
737331
646783
642618
652915
581971
582969
590235
569268
582613
732377
590836
581446
605819
635553
689721
633075
591136
574690
699518
635463
612326
596368
552495
621469
664893
606958
575737
589561
608016
607279
638955
575104
660589
584006
619983
607188
589559
640029
582145
653634
567114
638875
610943
605166
625307
635849
595330
621421
581103
628899
614327
610289
663881
591632
581375
621153
677050
568350
590723
659599
615588
585412
601507
605815
623341
604130
579481
580651
613079
595915
647551
605250
634723
568038
557746
594026
636777
650699
629893
613930
636405
618055
649814
606100
635994
637432
537533
606455
656707
572980
594369
625776
597964
629404
655975
614953
567013
636806
