177268853
184798623
191006640
190152684
187308355
175021120
194469892
174500700
186848251
185835384
187523951
202125981
185029773
181464365
175814746
183260735
191361073
188903007
188870409
173347022
186171955
185942860
180416667
178545160
192040963
197844061
176697909
189429128
179401565
193278763
184494082
189233625
182606772
179125545
191753893
174083281
202949830
195239857
184112133
201609019
188288913
199332177
185922823
190397155
189208559
182829687
190897667
180181673
200825229
180889461
177322204
182804506
189560561
189026823
190767310
183027495
187537880
192856634
180184843
189012363
178780542
177552549
196986313
186625885
183182008
201051372
194930424
187614330
184612275
176209567
183477917
182736982
177342450
194422952
194222516
185970725
183313611
181514933
182811589
183166010
184500361
185292056
184325446
179192853
178732622
188738706
187514794
179853562
183345186
181482878
180826436
192596617
181290280
184280083
182936097
182068063
178677824
189234903
170801901
