3307670
3275366
3274506
3124367
3198616
3532629
3294651
3006101
3237134
3269231
3407804
2995904
3456364
3387309
3443792
3246683
3325898
3297603
3057928
3087993
3226358
3059295
2944788
3419421
3770184
3642880
3252961
3134925
3481448
3037231
3264509
3260218
3528036
3361498
3207135
3258877
3185321
3090742
3111557
3061084
3147881
3103954
3182354
3125663
2708291
4034207
2936778
3247418
3484162
2966660
3019133
3398729
3285303
3257441
3252044
3318467
3504091
3047489
3513510
3500924
3543322
3096098
3388583
3225702
3307556
3494570
3213221
3074736
3079616
3042787
3258072
3330703
3521365
3350543
3057885
3308193
3213546
3317398
3402872
3051599
3525022
3302751
3003968
3579997
3425202
2965438
3383074
3113277
3396056
3077166
3359148
3560821
3133338
3424689
3109633
3016024
3073465
3094315
3323824
