24156470
24530659
21972721
24825512
23417387
23347520
23433509
20986944
23234046
22333188
22702862
24822085
21418229
22644272
23801780
24152158
23369341
22559879
22665226
24893121
23924703
24583071
22464912
22820370
22746028
22986345
23025061
21401895
23903239
23374641
24369276
23888851
22573476
23316026
23013039
22693416
23678430
24554590
22464332
23152321
21541069
23501490
26276626
24510867
25049249
23388898
22096875
23309541
20871123
23447016
21931741
22289597
24039859
22904777
24719117
24313187
23044059
22566571
23851509
22194589
23237131
22459111
22220054
23829836
23809898
23861946
22400617
21524855
24816342
23897885
22853757
25715389
23755358
24751306
22214492
23787671
22953738
24530562
23923396
23364177
23361314
21162640
24782572
23756588
23222998
24363792
22510796
22126477
23039401
22605901
23215228
23554999
23535628
22668432
22841421
23669642
22673203
23574977
22124679
